271.5	162.6	85.7	336.5	369.9	18.8	496.5	157.0	484.5	182.1	28.5	41.4	330.0	429.5	50.8	454.9	379.7	25.7	119.0	146.3	261.5	187.9	244.5	205.3	407.7	152.8	325.5	299.7	453.1	113.1	400.1	359.8	410.9	121.1	196.3	280.9	139.9	328.1	73.1	124.4	10.2	101.6	165.8	475.4	31.2	351.8	65.5	46.1	12.8	184.6	192.5	274.3	372.5	72.2	114.9	415.4	225.0	440.4	215.2	313.3	188.7	115.3	173.1	99.6	371.6	4.7	380.5	11.5	468.0	88.8	271.1	478.2	325.7	72.2	88.9	492.1	59.2	154.4	38.2	72.0	474.2	365.9	346.4	346.8	73.3	461.3	397.4	433.5	36.9	247.8	246.8	225.6	498.4	55.2	460.4	370.0	59.9	476.2	381.6	163.1	

65.0	152.7	276.5	390.7	224.9	365.4	382.8	284.2	19.9	56.3	491.4	494.1	57.4	337.8	476.1	130.8	434.3	8.8	64.3	106.4	256.6	446.4	332.0	255.0	1.6	292.5	125.1	196.7	403.9	6.7	359.8	468.9	294.6	136.3	494.9	154.8	1.8	12.9	74.2	156.9	69.2	65.6	286.2	261.9	38.7	397.6	392.7	473.0	406.4	92.2	79.5	163.0	38.6	46.7	53.3	175.4	474.4	178.4	7.3	378.3	320.3	367.1	347.3	114.9	138.7	477.4	404.9	275.7	490.3	479.1	432.6	194.8	44.8	354.0	456.7	83.5	251.6	484.6	191.7	293.2	212.0	271.2	456.3	250.7	453.2	9.6	61.3	427.6	323.2	68.7	306.0	143.5	71.0	288.5	393.6	209.7	265.9	298.6	485.4	391.4	

277.7	53.2	86.2	457.7	407.3	42.9	176.4	294.1	27.5	368.2	87.4	239.6	274.6	178.9	125.5	227.8	323.7	322.0	290.7	146.9	390.7	96.7	425.6	461.8	20.4	319.2	306.7	421.5	253.0	292.2	312.9	30.8	480.6	399.2	123.7	23.1	77.3	300.2	317.3	240.1	168.4	404.7	479.7	78.2	218.8	240.4	306.1	42.5	197.6	96.8	324.6	88.4	328.7	250.2	185.4	484.3	204.6	127.3	405.8	457.7	419.5	353.9	123.7	35.4	388.3	247.4	58.5	465.7	182.8	375.8	205.8	486.4	415.7	320.7	64.7	269.7	196.3	370.8	312.2	393.9	102.8	272.0	117.5	66.7	157.4	302.9	51.0	497.3	430.3	92.0	90.2	485.0	445.9	213.9	155.6	334.3	96.5	214.2	435.2	414.6	

90.0	141.0	401.0	141.0	96.9	465.7	410.7	293.2	471.7	358.2	322.3	74.5	130.2	439.9	276.4	422.9	378.0	327.4	420.2	443.5	419.4	10.4	63.8	0.6	359.5	219.4	470.1	91.2	433.6	405.3	5.8	158.9	181.5	406.9	299.9	278.4	7.8	345.8	206.8	479.6	204.0	29.1	189.3	469.5	469.0	465.8	27.6	482.3	428.4	447.8	425.8	347.9	93.4	489.6	483.7	88.1	209.1	453.8	179.3	142.7	494.3	320.4	301.6	175.8	227.3	236.7	89.4	370.3	217.8	431.4	349.9	57.0	460.5	174.5	161.7	64.8	140.3	189.3	47.1	68.7	272.3	108.1	51.8	365.7	97.8	170.7	453.8	306.9	259.7	268.4	84.8	254.0	88.8	21.7	429.8	451.3	393.6	154.4	321.6	111.4	

85.8	171.6	168.5	46.4	481.3	330.2	246.4	256.8	154.8	428.7	325.5	427.1	36.8	12.6	428.1	269.8	318.5	381.9	211.9	78.3	285.5	296.8	332.3	374.3	453.7	397.4	325.6	347.3	51.8	147.3	94.0	272.9	454.1	397.7	454.5	435.4	363.1	200.9	192.2	17.9	264.8	152.9	445.1	301.6	300.7	8.4	71.5	119.3	390.3	283.4	332.8	175.9	215.4	165.1	185.4	169.1	197.7	11.1	151.7	384.8	158.4	380.9	157.7	247.7	278.6	112.2	183.1	141.7	313.1	10.5	294.9	213.1	298.6	240.0	149.9	99.4	248.4	356.6	353.9	273.9	140.1	186.7	85.0	490.7	487.0	270.5	295.1	184.8	416.8	82.0	69.6	210.4	462.9	227.3	458.1	241.5	339.5	276.4	383.2	287.8	

286.9	313.3	0.9	85.5	53.3	150.8	320.1	436.9	142.7	174.0	346.1	282.8	495.9	66.3	408.7	483.0	472.0	203.8	167.8	388.8	285.8	372.6	99.2	383.9	99.9	57.3	125.4	74.6	468.9	143.9	497.6	255.8	457.2	133.7	476.6	145.8	419.7	431.9	217.9	62.4	241.2	199.2	480.4	237.1	265.6	389.2	355.3	237.6	228.2	158.3	261.7	149.3	30.9	360.9	33.2	266.0	53.5	293.9	340.6	22.4	437.8	473.4	413.5	30.2	107.1	25.3	176.0	26.9	457.2	394.0	89.3	333.6	228.4	69.8	206.0	494.0	94.2	61.3	366.9	457.6	219.7	128.6	106.9	385.8	124.7	275.4	151.9	178.2	69.3	127.7	335.9	142.3	101.2	384.6	172.5	343.5	409.9	348.6	370.4	2.3	

377.8	95.0	336.0	106.2	300.0	42.0	235.5	29.4	238.5	102.4	487.0	458.2	366.2	229.2	344.1	490.9	4.6	131.2	304.4	73.9	394.1	275.5	351.4	495.3	160.1	23.9	474.1	205.2	7.7	344.5	207.5	385.5	74.7	178.7	127.0	374.7	355.9	362.5	39.3	94.5	100.1	26.4	187.9	101.5	255.6	167.2	227.6	260.2	433.6	167.2	469.3	327.8	442.7	320.7	458.3	238.0	344.6	432.4	443.2	352.4	412.2	286.0	373.1	486.9	99.9	135.3	496.9	455.9	133.0	36.2	185.6	233.1	62.6	8.7	469.8	453.4	311.2	197.5	213.6	244.8	364.7	318.1	72.6	442.7	274.0	166.2	180.7	118.7	98.6	124.0	106.3	10.8	45.2	114.6	133.0	145.1	250.0	129.9	236.2	383.0	

301.3	57.0	251.4	499.2	65.8	221.2	452.6	12.2	53.9	166.3	257.0	418.7	119.6	464.9	496.6	393.7	131.1	177.3	147.6	364.9	436.5	389.1	375.8	481.7	3.7	144.0	126.9	388.9	273.9	498.3	407.2	210.4	55.4	158.6	209.6	256.4	15.0	162.3	268.6	204.2	463.8	160.8	122.9	83.4	125.7	119.5	112.3	392.0	432.0	259.9	257.0	368.6	149.0	268.0	350.3	288.0	412.0	112.4	312.1	185.9	110.8	219.3	31.5	301.4	13.1	241.2	57.8	163.4	403.5	461.6	367.6	2.5	122.4	125.7	221.1	248.2	380.4	333.5	140.2	312.4	228.6	32.4	316.2	12.9	300.4	301.8	300.9	212.4	414.2	248.2	33.5	160.2	467.6	65.1	96.8	115.9	306.3	154.6	279.3	345.0	

116.2	282.1	347.5	238.7	407.8	68.6	122.1	423.4	37.3	397.5	235.9	266.0	430.0	52.1	278.9	230.4	489.1	215.0	442.9	403.4	463.2	111.6	198.8	66.0	176.7	295.7	317.2	483.0	85.5	96.5	463.2	337.0	13.9	445.9	75.7	421.7	149.8	333.0	345.2	187.1	230.5	216.3	88.3	160.5	403.6	367.2	26.2	392.8	217.4	104.3	431.4	315.9	215.9	265.4	381.9	392.7	61.1	199.1	10.9	146.7	430.9	474.2	118.9	444.8	420.1	329.8	1.7	69.9	162.8	482.1	392.3	393.3	333.6	480.6	189.1	237.3	483.1	215.3	265.3	200.5	319.6	331.9	151.6	35.5	97.3	33.6	63.4	158.5	367.9	74.4	440.4	434.0	48.6	59.3	14.0	103.9	389.1	15.8	173.9	187.1	

133.1	201.4	215.6	466.8	182.0	404.7	339.3	165.1	255.2	239.8	0.9	210.0	71.7	152.5	380.8	169.0	321.3	444.2	462.7	324.5	18.6	38.3	258.5	202.4	232.8	407.8	306.4	121.9	58.8	115.5	444.2	191.9	316.9	159.9	293.9	498.9	199.8	268.4	299.3	455.1	8.2	435.4	165.1	215.1	87.9	45.9	19.4	44.5	125.4	482.1	369.0	144.0	20.5	262.7	346.5	253.3	305.7	288.1	10.5	364.5	403.6	89.9	56.5	220.5	249.8	485.6	354.6	449.7	254.1	153.9	40.0	397.5	89.3	205.1	247.9	312.5	386.3	267.3	492.2	11.7	249.4	361.2	290.9	405.1	259.1	137.4	293.7	64.9	425.5	439.4	64.6	464.3	29.3	121.1	184.8	414.4	242.0	39.5	499.3	131.3	

328.6	39.3	28.8	53.2	244.4	276.7	365.7	265.9	179.2	357.9	412.8	428.7	354.3	203.8	469.0	248.6	476.4	397.9	448.7	402.0	472.5	13.4	1.5	137.1	269.7	186.4	51.5	11.7	361.1	50.8	143.0	324.9	90.1	307.1	378.1	469.7	219.0	379.0	370.9	398.3	236.9	283.7	462.2	226.4	487.5	66.4	110.3	99.2	464.4	59.0	136.4	436.9	207.6	137.9	74.0	477.4	459.5	260.7	124.3	320.6	446.7	402.6	145.6	36.8	209.7	158.9	141.8	428.7	38.0	12.7	462.2	410.1	431.6	424.4	136.6	54.4	490.9	382.1	153.6	90.5	76.3	290.0	27.4	284.0	63.1	236.7	396.6	22.7	132.6	20.9	343.3	79.4	423.5	124.1	116.2	133.2	283.1	393.2	197.2	321.1	

41.1	159.4	231.2	472.8	219.1	3.0	162.4	210.0	20.3	316.0	300.5	96.7	241.2	463.1	380.7	304.3	335.0	277.3	327.0	467.7	433.4	305.6	47.1	357.0	429.7	298.5	125.4	348.0	191.8	457.8	169.1	232.9	117.3	35.6	340.9	336.4	173.8	3.3	181.6	194.2	454.5	117.3	290.9	330.9	80.4	306.8	135.3	415.5	84.1	97.5	383.2	17.5	403.1	430.3	9.7	468.1	228.8	135.2	316.1	55.8	93.0	120.5	424.0	345.5	156.1	264.9	317.1	465.1	403.5	133.9	159.3	493.2	251.2	85.4	324.2	331.7	392.2	94.7	382.4	111.5	192.2	400.8	264.3	230.6	466.3	274.0	198.7	330.3	44.4	150.0	386.2	272.7	270.5	310.2	118.2	61.8	210.3	70.6	27.0	113.8	

204.5	321.5	107.1	455.8	42.2	66.5	422.7	434.4	161.2	440.3	46.0	488.6	341.1	310.3	219.2	307.4	219.5	53.1	272.9	264.0	338.4	159.1	36.7	108.9	469.3	290.1	306.0	314.9	360.7	468.2	428.7	200.5	424.9	171.0	156.3	467.1	237.5	214.2	401.6	398.7	289.7	82.8	22.6	130.8	28.3	241.8	73.4	247.8	430.2	346.3	147.0	268.6	140.7	318.9	12.7	245.2	109.1	318.7	60.1	469.8	422.1	124.1	305.5	347.1	295.1	461.8	449.4	167.9	311.2	486.2	201.8	100.9	69.0	224.4	366.9	232.5	466.3	75.5	480.4	31.7	57.1	262.6	300.3	197.8	81.6	313.0	443.0	190.7	267.0	138.4	295.7	324.3	262.5	101.3	306.6	192.8	198.3	256.1	360.7	144.8	

242.3	62.6	380.9	446.6	287.0	247.9	179.1	388.5	323.4	294.7	420.2	15.7	57.4	355.7	213.5	274.2	304.0	291.8	100.1	206.2	430.2	395.8	30.5	327.9	132.3	337.2	20.7	465.9	228.5	16.7	245.9	470.8	79.3	126.8	52.6	1.5	374.7	231.8	25.3	333.4	26.5	445.5	349.1	219.1	436.5	197.9	493.3	240.5	489.7	93.4	446.7	55.1	124.5	112.4	18.2	392.0	84.8	38.9	357.9	313.3	55.6	103.8	419.4	270.1	365.9	472.0	406.9	240.6	339.0	432.2	209.2	0.8	12.9	58.4	219.9	449.4	256.3	348.5	189.9	381.2	441.9	271.8	71.5	201.6	384.3	89.7	93.7	469.1	263.8	86.8	417.7	454.7	325.9	337.1	224.8	191.8	444.3	131.7	67.6	283.4	

199.1	276.9	284.2	212.1	470.5	139.3	161.5	226.8	487.8	486.7	243.2	65.0	258.5	314.7	401.8	278.0	39.6	130.7	382.4	303.4	352.8	300.1	258.1	313.9	272.4	118.2	5.7	216.7	385.1	208.5	135.3	84.3	120.6	54.7	296.4	91.1	194.1	93.1	453.1	317.1	79.8	196.3	17.3	473.6	146.2	419.2	251.6	321.0	49.9	134.0	124.5	402.7	434.1	17.8	216.6	341.7	271.2	357.5	193.7	156.4	201.3	329.0	375.9	321.9	19.0	307.5	413.1	348.3	400.6	366.2	165.4	115.7	197.8	318.0	89.3	479.2	237.2	476.1	300.3	422.3	245.4	424.8	325.1	314.7	77.8	176.9	156.5	349.1	169.7	350.2	140.7	371.0	314.4	16.6	192.9	333.4	459.3	241.2	181.7	495.1	

107.5	482.4	246.0	440.5	300.4	470.5	419.7	172.8	446.7	220.0	95.1	192.1	280.0	55.4	6.8	357.9	367.6	163.3	342.2	37.3	148.7	482.9	408.3	463.2	134.7	236.4	296.6	229.2	477.7	113.6	224.3	220.4	231.2	105.6	160.9	166.8	76.1	80.6	474.8	22.8	435.9	69.9	350.1	215.9	260.6	492.2	209.0	128.2	290.7	186.4	300.7	439.5	304.5	209.0	402.7	439.2	80.6	334.5	303.6	58.3	83.3	163.2	278.7	449.7	268.8	74.8	116.5	344.9	155.5	91.3	3.0	226.6	296.5	353.1	442.5	192.3	345.3	286.8	320.5	136.1	473.2	256.4	75.6	277.8	100.6	113.5	352.2	181.2	83.2	155.9	374.8	301.8	454.3	153.5	251.5	223.1	363.6	368.1	68.0	19.1	

94.6	71.0	380.9	26.3	59.4	323.4	218.6	404.7	245.4	174.3	176.0	218.7	430.7	386.8	131.7	31.3	0.3	483.9	347.8	218.8	275.0	222.6	20.6	229.3	11.3	272.1	87.6	374.9	275.4	290.9	29.2	370.1	497.1	410.1	31.6	56.5	368.8	250.3	96.5	114.2	59.8	272.5	468.1	490.6	159.4	99.8	157.1	294.9	219.0	4.9	13.7	129.2	227.5	169.5	493.8	238.9	441.7	81.4	113.8	217.1	372.3	278.3	222.4	369.5	188.4	389.3	61.2	57.2	139.6	157.7	171.5	334.6	430.3	139.6	325.2	224.9	374.7	117.6	19.8	93.7	122.5	168.8	222.9	485.3	338.3	216.7	359.4	415.2	433.4	108.4	132.4	440.9	386.7	490.0	310.4	75.2	379.3	6.9	132.4	154.1	

164.6	439.1	488.8	230.1	78.8	449.2	455.0	453.5	66.8	110.1	182.4	324.6	414.1	40.5	309.9	387.6	392.5	169.3	302.9	325.9	277.7	70.5	266.8	164.5	60.5	212.5	374.9	75.1	219.4	7.3	364.4	19.2	446.5	353.2	249.4	160.5	437.7	339.6	249.2	4.5	84.9	66.8	464.3	499.0	107.3	409.4	21.9	499.8	213.9	324.8	460.9	491.7	395.3	227.8	291.4	91.0	75.5	301.5	301.3	294.9	444.0	165.8	314.1	390.5	154.2	198.7	186.2	91.9	38.4	70.6	231.7	123.3	137.4	196.0	257.6	244.8	105.5	279.5	379.8	319.4	239.5	340.8	446.3	134.8	203.8	372.9	361.0	279.3	174.4	162.4	209.4	118.5	463.4	23.5	144.2	117.6	357.5	465.7	209.6	395.9	

36.3	76.5	154.4	309.0	272.5	412.0	189.0	13.2	326.7	68.8	467.9	66.2	44.8	49.4	336.2	383.8	57.6	197.3	163.1	232.0	494.9	372.5	485.7	458.3	31.3	265.2	211.1	388.8	230.9	420.7	419.9	402.4	132.4	74.3	211.4	405.0	121.6	400.4	53.4	448.3	104.5	156.5	14.6	149.3	206.0	350.8	33.2	263.6	183.3	331.5	130.8	178.2	339.3	116.6	271.7	5.8	17.0	482.9	29.8	383.1	38.8	449.7	285.5	171.3	159.2	497.0	211.5	280.8	32.6	400.1	364.4	137.1	56.7	379.0	286.5	262.7	365.0	454.9	161.5	48.4	286.4	292.3	361.8	125.7	44.1	268.8	131.5	61.1	386.9	161.3	444.2	60.9	246.2	365.0	232.2	405.5	497.2	78.9	321.5	29.8	

479.1	185.9	167.0	35.8	64.9	88.7	433.7	65.2	43.6	95.2	248.8	465.2	387.5	245.8	226.2	431.7	14.6	492.9	128.0	36.7	289.5	207.5	97.7	35.7	72.5	465.1	76.4	204.9	44.1	398.0	234.7	23.2	83.9	401.7	194.2	284.1	125.6	127.9	484.5	304.4	223.1	233.3	269.7	245.8	479.1	495.9	312.7	129.0	488.8	440.8	165.7	278.3	283.5	398.6	449.3	491.2	363.8	25.7	196.1	407.9	58.9	430.8	66.3	142.9	467.8	395.7	62.2	228.6	23.6	46.7	33.1	381.9	415.2	302.8	127.7	29.5	433.9	440.5	293.7	422.7	16.5	94.7	336.3	300.0	493.3	420.8	426.4	357.1	446.5	122.5	400.2	140.7	188.5	101.7	418.8	291.5	497.4	481.0	155.4	156.2	

162.9	188.5	38.1	213.3	126.5	165.9	242.8	60.4	241.6	36.6	118.3	258.1	131.3	454.6	193.3	124.6	10.6	254.9	117.0	92.4	377.4	17.2	233.1	201.1	254.2	151.9	127.9	251.6	268.1	283.3	407.9	431.0	107.0	446.0	144.3	233.5	247.1	22.3	293.9	488.7	58.9	412.2	382.0	325.4	2.1	210.5	85.3	12.7	465.4	202.3	105.1	478.0	354.7	338.2	314.4	108.9	125.3	442.3	360.6	393.4	360.8	403.7	459.6	467.8	349.7	103.9	201.3	232.1	261.5	495.2	356.0	320.4	42.6	238.1	145.9	44.7	83.8	231.2	192.7	49.3	68.7	433.0	27.3	423.4	406.5	341.7	32.4	31.8	419.2	28.2	425.3	280.0	431.9	384.9	383.0	416.8	124.1	84.3	284.1	385.6	

214.7	140.2	341.2	257.4	13.5	122.3	437.3	97.3	488.7	265.2	281.8	57.4	198.3	309.2	116.1	104.8	286.1	283.7	271.8	205.4	311.9	197.1	120.6	379.0	217.3	3.7	431.0	476.6	223.2	215.2	497.4	438.0	490.6	338.6	330.6	139.3	96.2	267.9	236.6	84.9	33.2	153.7	142.4	366.7	462.9	393.7	471.5	384.2	177.4	243.3	89.6	489.3	75.7	345.5	3.5	428.2	484.4	69.7	404.8	207.6	420.1	37.4	145.6	410.7	376.0	476.2	185.2	472.2	379.4	57.1	192.4	412.6	210.8	470.0	279.3	308.9	363.7	386.0	193.1	41.1	264.5	418.0	165.6	475.4	263.5	169.1	403.6	247.9	374.0	443.6	455.5	294.2	481.0	236.4	340.1	492.3	212.6	25.4	99.7	227.2	

82.5	292.1	139.8	293.3	262.1	54.3	237.4	125.8	75.5	430.5	302.1	475.3	348.5	467.7	450.7	247.2	272.0	354.4	130.3	146.1	433.2	221.1	75.5	414.3	457.5	415.6	406.6	305.3	76.2	6.3	32.6	158.7	433.7	307.6	87.2	195.8	497.2	324.6	456.9	207.9	390.4	259.0	183.2	238.9	362.0	134.0	121.4	269.2	123.6	251.7	50.5	192.0	472.8	126.0	106.3	65.5	176.9	148.1	6.1	253.1	289.7	173.9	47.1	223.4	481.5	269.5	54.4	113.9	94.2	11.3	321.9	484.6	405.6	5.1	358.7	402.8	274.3	115.3	172.0	33.1	367.1	357.8	225.2	475.1	483.8	331.5	175.9	160.7	114.9	182.0	49.1	404.6	355.9	96.2	263.2	472.6	365.7	317.6	86.6	95.1	

464.2	43.7	214.9	5.0	48.8	73.7	407.8	458.4	324.2	215.0	491.5	191.3	72.8	351.9	301.7	191.9	318.7	477.6	352.6	433.6	159.6	36.9	473.4	150.7	133.1	236.6	123.3	498.9	54.2	345.1	94.0	18.4	388.8	309.0	158.6	72.9	17.9	66.4	166.5	342.1	416.7	293.2	168.7	124.7	145.2	470.4	316.6	463.9	83.2	304.5	32.7	378.0	341.4	6.1	28.7	109.8	242.7	287.2	108.7	432.1	267.6	337.9	85.8	156.4	282.1	244.4	364.5	435.2	446.1	31.0	412.6	498.0	324.3	81.3	122.7	469.5	186.9	74.6	68.6	405.3	14.3	101.3	283.3	355.7	107.4	447.2	465.5	485.3	369.6	209.4	417.4	137.2	182.6	138.4	428.9	99.9	382.9	293.4	35.2	464.2	

459.7	447.8	462.2	284.0	164.3	84.9	388.7	486.4	294.7	92.5	391.7	309.0	193.8	175.0	164.8	436.4	257.4	265.5	56.9	127.0	110.2	109.5	264.3	428.0	248.0	193.2	27.9	266.1	121.8	63.1	230.3	81.5	146.1	192.5	0.7	310.4	412.6	24.6	296.8	207.4	117.1	323.7	16.4	446.1	133.9	316.4	382.5	391.3	82.0	74.6	18.4	327.4	184.2	417.9	255.4	432.2	246.3	418.5	198.3	368.1	481.7	428.6	84.9	127.8	256.3	85.6	73.5	168.9	110.3	5.5	376.3	362.6	464.5	392.8	308.8	98.4	209.2	326.5	489.8	426.4	401.2	143.4	389.0	85.4	61.3	279.6	17.6	307.6	198.2	351.1	175.7	179.9	414.9	260.6	442.9	171.2	481.5	151.6	340.1	227.0	

157.2	216.5	89.6	256.9	109.3	398.4	355.3	453.7	225.0	345.1	380.2	261.4	123.7	269.2	346.8	185.0	48.9	499.6	127.8	382.3	485.9	438.8	62.2	400.8	334.6	140.3	72.0	316.1	292.0	47.3	43.1	84.4	263.8	268.0	341.3	8.3	301.6	196.6	97.3	26.6	177.0	112.7	423.2	300.7	17.1	270.0	121.0	201.2	269.6	248.8	83.5	255.5	322.8	280.9	291.5	157.5	421.3	498.7	473.6	348.5	46.1	152.0	432.9	445.1	420.0	409.4	88.7	221.6	241.2	186.0	383.5	53.4	433.9	441.9	489.4	451.0	212.0	245.6	152.3	116.8	494.4	235.8	7.6	317.3	16.8	299.1	110.0	73.3	297.9	83.6	421.8	479.2	370.8	489.9	424.3	426.0	34.5	13.0	282.9	410.9	

334.2	301.6	464.4	268.1	243.5	89.0	354.4	455.5	334.6	6.7	207.6	464.2	377.7	215.2	416.7	29.7	149.5	26.7	103.0	447.4	245.6	160.0	61.8	116.4	285.1	486.2	42.5	319.6	134.4	460.6	230.6	103.9	262.2	330.2	7.2	5.7	419.2	361.6	96.5	389.0	368.3	304.1	353.2	381.3	154.5	270.0	411.0	304.0	296.7	149.3	386.7	177.5	444.5	448.5	294.0	229.7	434.7	471.7	184.5	204.4	432.3	50.3	308.3	329.7	380.5	315.5	470.6	434.9	177.2	67.1	323.9	180.7	6.4	312.4	62.0	160.9	82.4	108.3	100.2	14.3	392.8	486.9	191.9	337.3	70.6	121.1	202.2	5.4	228.0	386.8	345.0	295.5	437.1	288.5	125.2	452.9	104.0	95.8	387.8	416.4	

298.2	347.0	232.4	304.6	159.4	429.6	100.8	377.0	173.1	336.2	26.5	65.9	458.3	353.6	38.5	28.9	109.9	240.7	169.5	337.9	127.5	14.5	133.4	64.7	303.0	258.6	152.8	42.3	489.7	40.6	93.9	287.9	22.8	326.3	227.7	317.4	391.2	463.7	329.6	64.3	435.1	356.2	130.3	393.4	209.8	168.8	422.4	319.8	409.5	91.9	292.9	172.3	106.5	426.4	372.2	44.7	320.2	25.0	87.0	445.1	200.8	181.0	368.2	223.7	142.5	96.0	176.3	33.7	194.9	6.0	98.1	130.1	497.4	363.6	23.5	207.2	167.6	81.1	162.2	212.3	173.1	90.4	384.6	279.6	152.0	256.8	324.3	472.2	417.0	46.6	417.4	117.9	227.6	420.8	476.8	5.3	16.8	153.1	39.1	347.0	

159.1	272.4	112.3	156.5	271.2	271.0	499.0	438.8	352.2	296.4	286.3	25.3	22.0	306.2	440.1	174.0	198.2	399.6	146.3	115.3	446.2	198.9	233.2	309.0	119.7	210.0	314.4	271.8	363.1	488.7	254.0	157.5	261.1	366.3	449.2	167.5	137.3	83.4	241.5	489.5	379.9	27.8	150.0	37.1	334.0	90.1	211.2	32.3	125.0	357.5	282.8	71.2	191.6	16.0	15.5	446.5	226.0	329.9	353.5	224.3	453.8	107.5	17.0	350.1	109.0	466.3	17.6	246.4	49.7	259.1	371.1	64.8	286.9	156.4	102.0	256.2	381.7	313.2	423.7	6.7	305.9	206.5	78.0	132.7	222.5	93.5	79.2	83.7	58.6	432.8	443.2	147.6	175.5	460.3	497.7	284.6	426.6	15.3	166.2	111.5	

409.6	37.3	176.4	196.5	328.9	413.6	87.9	210.7	362.0	11.6	217.4	167.9	353.3	430.6	300.6	211.0	159.3	15.0	294.7	353.1	83.0	238.0	0.7	258.6	198.3	498.4	43.2	260.1	148.9	209.4	371.6	58.5	381.9	183.2	390.3	210.9	96.8	113.4	56.8	458.8	125.1	274.2	261.9	113.6	204.9	197.7	324.7	364.2	212.8	119.4	217.4	431.0	492.6	353.3	189.6	326.1	487.0	368.0	86.2	135.9	77.4	93.1	329.7	94.6	276.3	355.2	440.7	373.2	468.6	497.5	467.2	228.9	406.9	364.4	342.6	247.0	62.1	167.3	246.5	410.1	421.9	99.1	341.2	414.6	452.4	166.0	375.9	439.4	34.1	462.2	210.6	246.7	55.3	40.3	476.5	466.8	395.5	417.2	475.2	364.1	

49.9	442.5	93.1	92.1	306.9	70.9	339.1	4.2	373.4	85.6	49.6	295.3	184.7	390.8	345.1	272.4	192.0	221.1	211.8	226.1	318.5	422.4	108.1	9.0	97.9	84.6	475.8	128.6	137.1	451.1	492.8	322.2	28.8	221.1	414.3	470.9	427.2	253.5	110.3	300.6	474.3	159.9	95.9	294.3	50.7	76.3	66.7	378.0	297.4	278.5	104.1	251.1	336.2	347.4	260.1	69.3	67.3	371.1	198.0	204.4	457.4	326.0	26.6	121.4	182.3	76.2	92.3	109.5	329.7	202.7	410.1	439.2	362.6	141.2	233.5	48.6	217.5	300.2	426.6	14.9	214.0	165.9	401.2	185.4	148.6	296.5	254.7	215.9	302.9	87.9	420.3	260.3	413.9	82.1	381.8	96.2	158.3	109.3	205.7	123.2	

447.2	115.8	197.7	445.1	257.1	431.2	128.9	109.8	366.7	55.5	260.0	80.7	356.6	161.2	401.3	5.2	457.8	156.0	221.1	260.7	379.2	276.6	156.2	293.1	494.0	173.2	389.4	152.3	282.6	230.3	410.8	365.0	481.4	108.5	310.1	373.7	39.7	439.0	483.5	406.4	129.7	243.5	122.3	121.6	404.8	23.6	126.8	497.8	314.9	483.2	393.7	194.1	395.0	49.9	122.4	389.0	358.4	11.8	176.6	141.0	377.4	87.4	6.0	358.8	331.1	451.4	232.5	370.8	390.4	351.2	412.5	20.2	94.8	170.0	277.0	134.8	328.9	403.8	267.8	143.8	22.2	161.5	473.1	52.5	346.6	95.5	441.5	205.0	242.6	118.1	481.2	120.0	340.7	122.5	114.0	171.8	73.9	481.7	177.9	99.5	

332.9	90.4	254.9	427.7	395.6	31.9	197.7	224.5	71.0	465.5	3.5	228.4	262.2	111.8	280.9	108.9	207.4	222.5	449.1	85.2	475.8	65.6	340.4	316.6	323.3	454.4	488.4	397.2	436.1	166.3	131.9	269.0	391.9	386.9	332.0	422.8	54.0	29.7	147.3	125.0	130.5	286.1	353.5	392.7	397.9	134.4	1.6	240.5	492.1	86.0	325.7	468.0	286.8	166.1	284.6	110.1	255.7	408.2	7.3	191.8	209.8	274.4	96.1	236.9	161.3	63.3	294.9	350.6	93.0	442.3	475.6	223.5	363.6	464.3	251.5	261.5	234.0	388.3	137.3	226.1	474.3	463.0	194.1	261.1	264.4	113.9	6.4	20.1	157.4	148.9	347.2	2.4	423.4	443.3	239.3	219.9	6.6	34.3	70.5	234.8	

111.8	181.4	93.6	110.6	145.7	345.1	7.3	379.7	368.6	144.6	241.1	343.0	107.7	70.4	239.3	372.1	184.4	245.8	27.4	477.0	29.9	374.6	479.4	453.3	317.9	353.9	173.3	459.7	23.4	379.0	329.8	270.4	60.4	58.6	381.0	206.2	38.9	388.4	221.1	407.5	168.2	462.2	385.7	275.9	32.7	260.3	283.2	352.3	141.3	310.7	464.5	171.2	320.5	443.9	124.6	273.7	433.0	433.1	233.4	456.5	312.1	198.4	362.1	372.6	392.2	243.2	214.0	431.1	266.8	70.3	473.9	435.0	167.8	494.8	346.2	200.5	255.1	264.6	188.0	396.4	210.5	152.5	202.9	31.1	231.6	327.5	304.8	164.6	395.8	173.4	256.3	207.9	371.9	118.5	215.7	399.3	496.9	64.9	465.7	398.9	

135.3	439.6	469.1	303.1	69.6	450.5	138.8	324.8	215.2	462.0	356.4	425.7	114.5	59.3	456.8	346.1	22.0	261.6	145.9	53.0	435.1	402.3	261.0	442.2	156.0	111.9	341.5	288.1	176.9	442.4	187.0	447.4	17.2	156.1	385.7	86.9	106.7	24.5	411.7	457.1	121.7	403.3	382.8	236.2	462.7	474.9	217.5	119.9	371.7	363.4	173.0	442.0	400.9	69.2	384.2	192.1	181.1	361.0	480.2	493.2	438.6	167.2	75.8	455.9	458.6	461.5	42.8	200.5	121.2	454.5	157.6	242.9	357.8	40.4	114.3	455.7	150.5	331.8	75.7	22.3	330.5	383.9	464.3	366.6	453.1	483.8	58.8	269.4	480.0	39.0	397.9	418.6	341.5	473.7	374.5	300.1	70.5	417.3	0.6	326.9	

7.0	158.2	205.1	364.9	333.8	319.4	455.8	484.4	286.5	166.7	6.7	117.0	50.6	106.2	118.8	138.9	90.0	177.6	408.4	70.0	351.9	441.5	123.9	193.4	415.2	498.4	493.5	120.9	415.8	129.3	447.9	58.0	287.5	153.0	422.9	256.5	107.6	14.0	240.9	394.1	180.7	382.8	146.3	366.6	124.3	265.2	5.5	214.3	78.0	49.1	419.6	429.9	125.8	178.7	123.3	41.1	177.1	252.0	297.2	228.1	381.3	245.1	286.2	304.0	33.3	344.3	60.6	141.0	358.3	436.7	170.3	174.3	454.8	316.7	176.1	79.1	217.1	316.8	428.6	295.1	366.0	483.4	360.3	491.8	162.1	118.8	168.1	339.3	6.1	465.4	202.6	387.4	345.7	124.0	326.7	14.3	468.4	387.3	155.3	461.9	

459.2	325.6	271.4	414.0	277.5	447.5	493.1	129.8	399.6	421.8	60.2	400.8	40.4	420.5	27.8	202.6	174.5	196.0	177.1	180.6	296.6	14.9	68.1	277.5	139.0	30.0	291.8	242.6	417.3	82.3	339.7	376.5	43.2	111.2	425.8	455.9	193.9	418.9	85.8	93.5	475.9	146.0	494.3	16.4	201.7	157.4	354.2	376.2	353.4	31.3	56.9	285.2	46.2	260.2	197.9	320.4	290.2	489.8	63.0	342.7	207.3	38.0	354.4	250.5	284.4	280.2	206.5	478.3	334.4	292.3	207.1	310.3	73.5	336.6	461.9	275.2	494.0	451.3	286.6	482.6	482.6	478.7	403.0	164.1	238.9	101.0	119.7	164.3	226.0	182.8	142.2	433.3	220.8	496.7	183.9	5.2	412.1	25.6	118.7	246.5	

317.9	461.0	192.1	26.6	432.9	154.0	301.8	62.1	105.4	88.4	180.0	223.2	67.2	83.0	22.5	441.3	184.0	142.3	240.9	410.0	460.3	18.3	478.6	316.3	150.2	297.7	456.7	62.4	323.3	210.6	308.9	276.4	306.9	1.0	303.0	239.8	290.3	104.8	437.1	30.9	328.4	117.1	389.3	30.8	200.2	47.1	472.2	19.4	324.6	348.3	64.7	420.1	366.6	43.3	371.6	16.9	341.0	328.3	214.5	299.5	174.1	158.6	75.9	481.0	294.9	378.9	356.0	85.2	118.9	428.4	251.3	447.3	45.5	275.8	113.4	245.7	322.9	220.8	400.4	282.7	69.1	465.1	202.8	70.9	143.6	74.4	223.0	119.8	37.9	437.5	419.3	212.1	231.4	495.2	328.3	26.3	9.3	319.6	111.5	128.2	

248.0	498.0	210.7	293.5	409.0	324.1	174.5	232.0	44.9	210.1	149.9	249.2	310.4	352.8	455.4	454.0	62.4	178.4	209.0	100.4	251.2	128.3	447.7	482.6	258.7	411.2	8.9	268.0	230.8	255.6	31.4	114.0	388.8	242.1	42.8	297.8	201.5	217.3	165.0	246.4	62.6	315.0	130.9	373.0	303.0	86.3	327.0	365.4	399.9	36.0	465.8	286.3	299.5	413.5	404.1	58.2	460.0	413.0	326.2	190.8	303.8	357.6	304.9	327.8	234.9	482.9	260.9	436.4	200.2	425.9	318.1	262.8	376.1	449.0	135.8	179.1	170.5	98.0	44.6	70.4	269.2	10.4	356.8	68.7	59.2	260.9	126.9	19.2	309.2	88.3	345.2	248.2	81.1	285.3	211.3	316.0	268.2	472.2	387.7	103.6	

33.3	205.8	1.6	409.5	290.0	272.6	88.6	460.5	370.6	268.4	166.1	275.0	278.9	158.1	343.7	473.3	54.3	105.8	127.7	498.7	329.3	472.9	382.1	410.4	258.3	93.4	361.7	161.7	200.8	384.6	265.4	234.2	225.6	267.0	278.9	15.6	39.7	2.7	111.3	410.3	271.2	412.6	320.6	185.3	70.8	164.3	158.6	260.3	405.4	286.3	394.2	234.7	394.4	276.3	280.4	287.9	5.0	277.3	449.7	341.0	161.9	215.1	75.2	387.5	482.1	489.3	38.3	157.0	492.1	149.6	202.6	398.5	62.2	23.2	83.8	268.2	187.5	377.6	163.7	92.9	299.1	57.9	462.9	193.5	469.5	243.3	116.7	474.5	20.6	66.4	315.5	182.5	281.5	26.0	205.2	398.8	150.5	243.5	55.9	142.6	

28.3	258.5	176.3	225.7	281.7	260.1	494.0	104.4	137.7	292.9	332.6	72.0	486.1	295.5	400.8	455.6	174.0	17.5	430.1	329.8	83.9	380.8	147.5	0.6	42.0	352.7	34.6	192.6	96.2	90.5	470.4	124.5	484.2	146.8	350.2	401.1	42.1	479.4	140.8	315.1	407.6	108.6	387.1	393.7	39.3	287.9	349.3	213.3	305.4	414.6	43.1	24.5	295.4	190.6	25.1	472.7	178.5	59.8	165.3	409.9	285.5	135.7	169.6	405.0	417.7	19.8	441.3	459.9	134.5	82.1	275.0	42.1	190.7	297.3	71.0	230.0	220.5	420.3	78.5	25.9	334.9	256.8	50.5	265.5	447.4	210.8	238.2	261.1	405.8	38.7	171.0	191.4	309.7	340.6	96.4	227.4	495.7	37.7	322.5	265.4	

255.1	232.7	442.7	81.0	165.3	13.7	311.1	385.8	69.2	389.6	411.7	404.1	281.7	97.4	304.8	364.3	443.5	178.3	125.5	349.3	217.0	296.5	40.7	161.9	272.4	272.3	24.6	403.3	445.3	347.1	168.7	335.6	215.1	111.4	416.6	380.4	260.3	362.9	266.2	329.5	387.8	313.1	368.8	169.5	410.6	308.8	33.8	489.3	487.1	159.3	338.6	339.4	91.1	14.6	136.5	498.7	422.1	161.1	402.0	2.6	143.5	205.9	338.2	358.6	317.3	254.9	374.2	212.8	117.8	140.4	42.3	5.6	453.5	46.3	310.3	499.3	355.1	344.2	123.8	477.5	3.5	462.5	452.1	229.8	477.1	88.6	228.5	34.4	249.8	265.7	37.1	28.5	471.6	375.3	387.1	424.1	265.4	396.5	136.9	18.5	

36.9	314.4	159.3	125.6	495.9	469.7	260.2	351.1	449.1	384.0	463.8	452.6	481.7	415.9	317.7	94.0	139.7	46.2	128.5	389.5	312.0	300.8	53.2	283.6	311.3	75.5	343.0	76.8	472.0	479.9	230.5	144.1	429.6	25.0	405.0	425.5	129.9	165.2	276.6	79.0	184.4	375.6	166.9	301.4	291.5	484.6	395.4	66.5	30.8	159.1	91.2	478.0	459.9	144.5	396.9	271.3	220.0	239.9	483.3	192.1	355.0	349.0	336.2	284.6	374.0	241.2	210.2	4.0	41.6	122.0	83.0	361.3	132.9	249.9	162.7	59.6	369.7	193.3	126.1	35.8	352.5	217.4	13.8	312.4	361.9	45.9	218.9	81.9	421.0	202.2	274.0	276.1	51.2	245.5	195.9	60.5	121.9	41.3	199.7	163.6	

163.4	282.7	160.1	296.3	167.9	458.0	355.9	37.6	151.3	482.1	73.4	139.0	334.7	222.5	86.7	196.6	403.6	305.6	413.7	324.7	143.1	323.0	236.0	329.5	68.5	431.9	390.0	190.4	108.5	89.7	489.2	271.9	7.7	149.3	203.4	310.8	107.3	194.5	348.4	393.9	311.8	57.1	32.9	146.5	414.8	119.6	478.3	318.4	425.3	392.1	278.3	203.6	215.1	14.3	33.1	418.8	81.5	58.4	244.4	325.2	148.1	233.7	97.1	291.0	18.2	435.7	101.8	260.8	265.4	85.5	154.7	77.3	277.8	322.8	359.0	192.6	442.5	472.6	146.2	3.0	364.7	424.6	341.8	215.0	74.1	374.9	133.8	290.8	433.3	378.2	116.0	216.7	111.9	348.3	142.9	265.4	419.2	244.8	161.4	184.7	

465.5	451.3	397.2	243.3	274.1	391.4	71.1	351.8	364.0	352.5	490.0	363.9	412.3	331.8	78.9	486.5	342.0	212.7	412.5	275.3	91.0	163.8	127.2	338.1	147.3	270.2	238.7	66.6	150.2	400.1	386.5	115.7	351.4	418.9	494.2	260.8	445.5	200.5	112.6	309.6	53.0	102.7	308.7	465.4	69.7	387.7	87.1	411.7	235.6	499.6	322.3	461.8	298.6	449.5	435.2	446.0	354.9	173.9	147.8	140.3	209.3	169.5	256.0	60.7	88.4	385.4	456.7	33.9	85.9	69.4	478.7	274.2	307.3	287.5	239.6	377.0	310.4	326.7	288.8	46.0	461.5	111.1	7.9	395.4	195.8	443.1	476.6	186.0	252.2	124.4	326.3	461.5	293.9	217.6	157.5	17.5	103.0	114.2	51.4	324.2	

318.8	30.2	98.4	126.1	452.9	473.2	138.4	263.3	435.1	62.4	309.3	31.8	308.7	452.4	427.2	4.5	30.7	403.8	190.5	283.0	163.4	152.1	244.5	457.3	369.7	37.2	474.8	472.7	151.5	161.5	432.1	470.3	326.9	165.7	231.7	279.8	274.1	370.1	178.3	209.2	432.5	487.6	241.1	241.2	75.3	303.5	380.9	106.0	207.4	206.7	389.0	370.8	358.8	268.8	463.4	228.5	441.2	73.4	336.4	92.7	234.9	403.8	198.3	197.0	204.7	65.2	476.8	478.9	435.3	155.1	188.1	3.0	278.0	64.4	379.4	353.3	368.0	395.5	94.5	210.6	102.2	118.8	216.6	96.2	22.8	315.2	459.9	464.0	388.7	431.6	192.0	258.8	335.4	390.3	455.9	40.1	455.5	432.7	19.0	26.0	

223.1	342.4	164.2	136.3	406.8	43.6	124.8	410.0	439.1	219.3	255.8	176.6	338.1	472.5	272.8	496.1	287.7	368.0	460.2	311.6	299.6	152.2	70.5	270.2	177.7	26.4	310.3	133.2	94.3	464.6	294.4	452.6	442.2	458.6	224.1	484.2	137.4	348.9	394.3	211.7	203.5	150.1	23.5	176.8	257.8	431.6	173.0	180.8	299.6	133.2	127.6	99.2	285.4	198.1	369.4	463.1	359.7	314.9	231.5	89.3	414.7	161.1	177.1	356.9	119.7	401.3	341.2	392.3	250.2	370.7	104.0	453.7	156.0	262.8	130.6	413.9	194.4	303.6	229.9	494.0	72.0	357.5	228.4	357.4	190.9	233.0	455.7	185.8	47.9	187.2	275.1	462.7	348.3	452.3	454.8	103.2	353.6	296.0	130.7	239.0	

301.9	234.7	328.0	458.0	132.7	458.6	7.1	327.1	397.4	237.0	321.1	469.4	229.7	49.5	462.0	420.6	282.5	52.9	106.5	465.7	240.1	16.8	63.6	223.6	469.1	18.4	462.0	457.9	449.7	92.7	332.2	251.6	462.6	160.2	344.8	95.4	254.0	351.9	422.5	286.6	88.9	378.9	391.2	453.9	63.6	353.2	374.5	481.4	406.1	116.2	447.1	281.4	133.1	145.9	140.2	237.4	164.3	237.4	330.6	249.2	465.3	162.8	136.1	427.9	458.2	116.1	158.5	212.2	468.1	216.3	498.8	192.2	230.4	390.0	146.1	294.0	378.4	20.7	275.4	419.7	272.1	357.7	336.3	405.2	3.6	476.5	142.7	303.2	349.1	473.3	187.6	314.4	271.3	323.7	377.5	229.5	75.1	36.1	76.9	43.2	

387.6	210.9	235.4	118.0	236.1	16.8	412.0	114.5	37.5	322.7	169.4	309.6	180.4	5.7	350.1	319.3	117.4	128.0	122.5	466.5	101.3	310.1	280.9	7.8	269.1	158.4	237.3	344.2	329.7	449.4	387.4	217.3	160.3	258.0	335.3	396.4	274.8	382.6	10.9	447.5	205.3	180.3	392.4	20.9	321.2	242.5	340.2	438.6	5.7	97.9	405.1	107.0	408.1	186.0	250.0	312.4	479.6	487.3	156.6	309.4	71.9	179.2	161.9	232.2	72.4	497.3	128.6	347.3	15.1	274.7	430.0	355.6	90.2	457.6	376.5	411.4	335.3	352.0	350.0	341.0	449.9	255.1	83.2	493.2	76.3	333.2	305.6	55.9	455.7	462.2	0.5	27.6	276.6	162.5	259.8	349.1	295.0	388.4	331.6	310.1	

298.3	261.6	165.7	388.5	219.3	177.4	299.9	54.6	164.6	149.9	30.9	114.6	40.2	114.1	107.8	116.5	447.4	413.5	307.7	403.1	10.9	308.2	430.8	287.6	105.9	325.8	136.7	400.9	214.3	103.5	346.2	147.8	365.1	11.9	36.4	219.6	324.6	471.5	409.5	489.2	256.7	440.4	239.0	296.9	54.5	482.1	48.7	1.9	395.6	491.6	40.3	41.7	435.0	471.1	329.3	41.0	296.9	101.2	77.1	146.4	204.7	423.4	429.5	205.1	70.5	465.9	59.9	395.1	437.4	469.4	19.6	329.3	45.0	258.6	261.5	234.8	240.7	310.2	236.7	271.5	437.0	412.2	313.3	372.0	18.5	277.8	48.2	315.5	14.3	125.4	97.1	354.2	184.0	26.6	194.5	254.5	127.7	254.5	284.9	200.4	

359.1	304.5	29.7	39.4	198.3	291.2	274.2	74.3	236.6	146.1	481.0	173.6	58.4	429.5	180.9	76.9	342.6	364.3	27.6	356.9	124.9	260.0	346.3	308.9	421.8	40.9	198.7	49.6	430.6	483.6	385.2	289.7	423.3	50.1	329.1	256.8	476.6	103.3	331.1	213.2	384.7	447.4	22.1	443.1	376.9	338.2	20.0	219.5	202.5	182.9	211.6	327.5	442.9	58.0	271.6	364.7	98.9	470.3	49.5	164.7	89.1	434.7	454.4	147.6	120.1	418.8	404.5	96.7	157.3	370.8	309.9	42.0	318.2	467.2	485.1	195.2	305.4	140.4	49.9	143.2	458.5	261.6	470.7	401.4	454.8	377.5	401.3	188.9	347.9	450.9	353.6	72.2	20.8	308.0	219.9	276.1	362.0	124.4	372.8	19.4	

495.2	318.0	61.4	448.7	285.2	181.8	279.1	225.9	457.4	329.0	369.1	415.9	225.8	475.0	452.5	180.6	352.5	353.8	369.5	335.6	439.9	223.1	407.9	96.0	166.4	127.8	372.1	28.4	387.4	245.0	183.0	17.8	63.0	244.5	466.5	483.4	61.5	245.6	209.3	154.1	209.9	78.4	205.2	435.7	188.6	157.7	251.6	41.2	146.7	121.1	376.8	221.9	344.3	419.9	317.9	145.9	182.9	325.2	174.3	70.3	205.4	357.4	88.2	403.6	237.1	189.9	387.1	433.8	70.8	231.6	87.9	280.7	445.3	428.3	351.6	133.9	86.0	103.2	175.1	367.9	359.6	187.2	89.8	339.1	242.3	42.9	485.0	425.3	3.4	159.3	495.6	208.8	151.9	219.0	112.5	24.2	409.0	134.8	458.0	479.8	

1.6	181.1	395.7	446.9	109.4	247.3	80.9	330.6	485.8	391.2	198.6	345.4	213.6	423.6	184.5	456.0	101.8	169.5	381.3	105.2	464.0	12.1	314.0	251.2	231.2	61.7	275.4	275.4	331.7	368.7	390.4	333.4	185.0	286.1	280.3	429.7	168.6	496.4	395.5	289.6	22.9	94.1	135.0	236.5	153.0	454.7	192.5	254.8	124.2	209.0	360.0	223.5	221.2	309.2	109.9	87.6	371.0	385.3	363.0	337.9	389.2	388.6	171.3	74.3	309.9	86.9	139.2	478.5	83.3	34.7	403.4	106.2	264.1	38.4	478.0	417.1	493.2	170.5	307.1	252.6	379.6	167.1	111.3	236.0	476.3	221.2	323.6	482.5	241.8	321.8	320.5	131.0	210.4	127.0	340.5	20.3	213.9	479.7	134.0	432.5	

14.5	37.4	173.9	278.6	75.9	151.9	330.9	204.3	457.7	138.0	92.1	472.5	305.1	338.7	208.5	416.6	59.9	167.3	34.4	436.9	489.1	354.9	68.0	199.5	117.1	43.7	355.0	331.1	23.5	489.0	398.8	173.2	26.5	72.7	87.0	237.6	359.9	417.9	77.1	317.6	55.9	304.4	425.3	496.2	143.1	133.8	412.8	338.3	301.1	82.4	275.2	425.4	437.3	478.4	124.9	189.7	157.4	115.1	20.8	316.1	104.1	419.6	489.3	265.8	127.5	76.3	3.4	122.6	494.2	215.7	440.2	50.1	20.2	0.7	181.5	298.5	269.7	94.3	136.8	206.0	176.8	47.3	131.4	249.3	160.9	391.5	439.0	318.3	6.6	95.0	134.4	110.8	149.8	123.7	376.6	412.6	335.2	15.3	35.2	329.4	

231.0	110.7	14.7	386.4	111.4	196.2	185.0	381.2	425.8	457.0	87.2	237.8	4.3	218.7	122.3	165.3	110.2	196.6	483.6	252.1	426.8	118.1	498.1	76.7	377.0	9.9	489.3	212.3	25.2	159.7	176.9	391.5	270.4	326.9	277.9	381.9	158.3	98.1	398.3	219.3	55.2	485.5	457.1	59.5	339.4	214.7	224.8	84.9	46.5	343.7	337.0	473.3	97.0	335.1	50.0	474.0	345.0	174.5	321.5	5.5	469.5	133.7	397.0	239.9	460.6	310.1	257.0	118.9	408.3	155.3	338.3	463.5	140.9	430.6	23.0	115.5	280.5	383.1	200.4	327.0	362.0	172.6	300.4	459.0	7.7	485.6	68.2	488.0	295.4	389.8	493.5	264.9	23.5	25.7	4.8	484.1	335.8	261.9	238.2	379.3	

52.4	211.7	342.8	193.3	142.4	1.1	444.1	58.1	19.4	144.5	385.2	381.4	317.2	185.6	340.4	460.1	171.2	408.6	448.1	466.6	433.6	76.8	366.7	457.1	237.7	371.6	76.4	208.8	268.7	449.9	88.1	321.1	161.6	66.2	149.7	439.2	67.3	93.8	497.4	221.9	373.5	382.6	103.3	190.7	203.4	443.7	150.9	374.6	487.5	234.2	476.5	421.2	446.3	343.2	13.5	319.2	350.0	225.2	28.0	253.9	175.1	116.2	75.1	471.9	317.6	360.0	46.4	384.9	453.8	179.0	106.8	327.3	196.8	345.3	153.3	400.2	424.2	439.4	410.0	411.7	173.6	21.7	468.1	255.1	0.2	116.9	74.4	350.2	342.1	102.4	104.2	152.4	353.8	314.5	259.5	171.4	174.5	441.1	191.5	263.5	

120.1	433.5	90.8	316.9	414.0	244.1	352.3	338.2	183.5	262.4	385.2	492.4	419.3	488.5	382.7	419.5	105.4	457.1	405.0	82.7	194.8	144.4	370.3	183.8	458.9	129.9	490.5	268.6	71.0	317.2	32.1	326.4	386.0	122.9	143.3	300.0	2.3	130.9	138.3	321.0	393.3	23.5	448.6	447.8	12.0	331.4	367.4	252.7	423.7	272.4	335.4	253.7	416.8	205.8	437.6	10.9	470.9	63.3	279.5	177.1	380.5	311.6	3.5	266.5	69.7	282.1	66.6	72.0	413.0	340.1	28.3	441.5	498.8	476.9	389.3	10.8	443.5	256.7	263.5	367.3	164.3	234.2	256.2	216.3	75.2	193.8	227.2	46.1	392.3	141.9	358.4	272.9	453.5	362.0	174.6	23.3	144.1	376.4	230.5	192.3	

216.5	394.0	133.8	215.3	371.0	23.1	361.4	449.7	415.1	260.1	317.0	214.6	494.3	73.3	431.0	204.7	402.3	293.4	386.0	429.9	435.4	244.5	338.0	388.9	106.5	12.6	47.4	385.8	389.1	413.2	213.3	240.8	307.2	347.1	456.2	313.4	5.4	452.8	263.2	55.7	212.9	215.4	270.4	342.5	423.9	336.6	47.2	461.5	130.0	433.3	391.4	65.4	313.0	229.4	89.6	54.7	377.2	137.0	440.5	266.3	185.4	153.8	7.2	127.9	136.1	98.6	441.3	276.7	51.4	339.7	332.5	399.5	55.2	238.1	242.0	114.3	74.7	424.5	75.8	204.7	493.0	102.4	405.4	306.0	331.8	495.0	360.7	209.1	267.2	436.4	110.6	452.7	225.4	253.0	80.6	496.7	486.8	157.1	273.4	38.2	

496.9	105.9	73.0	187.3	344.0	450.2	301.6	53.9	374.7	377.5	393.9	367.7	479.9	299.3	308.9	447.0	294.3	304.8	291.3	61.5	376.4	401.9	149.4	101.8	290.2	230.0	98.5	277.0	387.2	372.0	450.5	19.3	113.1	23.5	206.6	92.4	473.7	8.2	146.3	483.7	20.9	40.2	351.4	136.1	339.5	295.6	83.1	269.0	100.4	374.4	465.8	476.9	411.5	115.2	213.9	201.7	480.5	312.5	478.8	2.9	319.7	429.3	22.2	68.0	88.0	228.8	160.4	61.7	237.0	306.8	45.4	258.0	482.2	32.1	394.1	457.0	462.9	112.4	226.0	198.5	122.0	191.8	175.4	33.5	442.3	24.6	370.5	422.8	472.3	484.5	425.7	427.2	49.0	447.9	495.2	137.0	176.7	155.7	333.9	48.9	

97.7	14.6	442.1	79.9	46.7	471.4	36.9	144.8	83.8	398.2	343.3	205.8	225.2	154.0	374.6	167.5	178.6	380.3	90.3	150.9	364.8	151.2	78.1	413.8	234.3	208.5	50.8	411.0	364.2	19.9	95.2	461.9	34.5	172.5	41.9	216.4	144.0	214.0	361.2	227.8	112.2	204.6	68.9	337.5	358.6	78.7	5.0	172.4	459.0	230.6	458.5	459.0	17.0	171.8	372.8	251.4	380.3	58.8	297.6	244.6	213.9	392.8	206.5	248.5	65.4	383.6	464.9	209.4	232.9	326.2	72.4	345.1	166.0	276.5	317.8	24.6	490.4	458.1	197.0	84.6	188.7	290.7	43.6	205.7	462.5	51.6	457.1	342.8	245.6	390.0	87.4	459.6	282.8	429.2	208.1	483.4	448.0	308.2	328.0	180.9	

269.6	35.7	26.1	435.6	447.4	343.9	460.2	437.9	302.0	292.4	22.5	125.9	83.1	201.4	466.9	45.6	388.2	59.2	23.7	133.9	449.2	111.1	228.7	367.3	175.5	72.0	350.7	123.6	380.2	314.0	304.5	149.9	349.7	465.8	85.5	297.1	445.0	181.0	235.0	382.2	108.6	392.8	8.2	327.0	229.4	110.3	7.8	117.6	169.5	31.5	386.7	254.0	277.9	250.6	121.3	453.4	322.6	107.2	77.0	338.1	421.2	16.8	123.2	270.9	482.6	343.9	203.3	62.8	160.1	438.3	445.1	268.8	466.3	453.3	95.8	330.9	198.8	238.8	83.8	3.5	270.4	105.7	257.5	48.3	356.4	14.0	1.7	314.2	121.3	214.0	152.3	177.7	366.0	410.7	83.9	348.6	254.7	287.2	411.5	414.8	

360.7	491.8	318.8	462.3	80.3	49.8	293.2	279.1	288.7	377.0	282.6	194.3	482.8	175.4	242.6	339.2	189.4	379.5	288.6	445.9	228.7	441.0	123.7	94.7	486.9	342.8	443.4	241.6	130.0	490.1	291.7	490.7	481.9	110.5	88.2	62.2	295.6	381.5	476.5	84.3	258.5	259.1	278.6	376.5	69.7	156.4	350.9	259.2	35.9	139.6	340.3	264.7	215.8	99.2	494.6	202.7	442.0	73.2	79.6	207.2	63.3	371.3	333.2	180.4	117.0	421.4	377.8	412.6	302.9	489.5	132.1	196.7	248.7	45.9	73.2	453.6	202.3	424.2	212.8	373.5	63.8	188.4	273.4	414.8	287.6	268.0	117.5	364.9	341.3	197.1	72.1	39.8	203.6	405.3	355.5	455.9	326.8	368.5	3.7	264.9	

358.1	271.1	461.6	242.0	317.0	34.9	195.6	154.6	94.3	43.7	28.1	293.3	232.1	436.7	208.1	154.9	339.9	325.6	19.8	316.4	158.0	227.2	356.3	496.8	132.5	347.0	452.7	94.5	215.5	91.7	359.5	73.6	362.8	321.1	315.6	179.8	491.2	146.5	334.4	85.5	190.2	497.7	378.8	57.5	69.6	86.9	212.4	409.6	47.8	367.5	226.0	341.0	94.7	217.5	337.8	362.4	64.5	425.8	457.0	280.1	17.5	316.5	488.9	15.5	272.8	439.8	330.5	264.1	221.5	165.0	484.8	411.7	297.9	498.9	104.4	367.6	85.8	452.0	412.4	268.8	454.7	138.4	109.8	49.4	356.0	82.9	47.1	55.7	143.9	4.1	471.0	296.6	455.8	95.2	312.1	363.8	35.0	142.6	263.1	256.5	

442.8	248.0	303.4	376.0	246.9	407.8	243.6	467.9	495.0	291.2	236.8	449.8	429.6	481.8	134.4	420.8	199.9	181.5	476.6	343.8	320.8	82.8	140.4	411.8	178.0	87.7	275.7	213.0	365.6	38.8	104.7	308.4	286.8	43.3	184.4	168.9	86.3	63.2	136.9	81.4	354.4	8.9	31.2	419.3	125.9	165.6	475.3	461.1	482.4	451.9	304.9	303.2	34.8	80.6	215.1	212.8	303.5	490.8	61.1	169.1	164.8	301.0	477.6	86.9	344.4	297.2	255.8	430.7	495.7	27.9	12.1	485.3	172.0	178.5	39.8	298.0	344.2	15.2	259.1	461.8	102.3	199.2	265.0	272.3	415.0	480.1	485.2	218.6	106.1	181.5	387.7	271.0	482.5	0.5	357.9	326.9	433.0	248.9	392.9	428.7	

276.9	405.0	49.2	84.1	83.6	89.1	17.3	63.0	239.5	276.4	24.8	341.8	110.9	425.0	114.2	25.9	405.2	234.6	379.7	146.5	416.1	267.5	52.7	33.8	403.2	410.6	496.0	336.2	294.8	388.9	400.1	206.9	293.9	84.6	291.0	12.7	308.9	308.4	210.9	48.4	220.0	370.9	390.2	466.1	296.0	139.6	127.3	336.4	374.2	7.0	482.9	425.5	409.7	35.7	94.6	313.0	81.5	90.6	284.4	11.5	114.7	184.6	218.4	43.8	404.4	9.5	56.6	213.3	453.1	402.7	261.7	173.1	273.7	287.1	274.5	69.7	62.0	401.8	41.3	71.4	408.8	24.2	497.0	318.6	195.1	226.8	266.8	411.9	452.6	51.2	423.4	67.3	371.0	141.9	111.1	275.4	286.6	302.9	488.7	374.9	

340.9	385.6	48.0	114.6	308.0	457.7	319.5	370.0	359.5	360.8	441.4	268.4	20.2	73.6	222.2	215.4	435.6	489.0	262.5	388.2	40.2	185.9	90.7	411.3	463.0	201.9	321.9	249.6	140.0	445.9	124.5	480.9	331.5	307.8	230.7	274.7	265.5	185.4	144.7	125.1	46.2	221.4	28.7	201.7	430.2	250.9	52.3	365.9	239.9	314.8	389.3	415.3	0.7	480.1	461.8	463.8	317.2	283.8	348.6	457.2	229.7	108.4	73.4	196.4	416.2	439.3	471.2	316.9	124.8	251.1	77.2	171.0	472.5	241.1	7.9	38.0	492.0	60.2	403.9	367.1	375.0	428.4	417.7	11.0	408.5	379.5	110.0	225.7	298.5	458.6	318.2	163.4	202.2	26.8	359.9	118.4	466.1	466.3	70.6	90.9	

217.4	283.0	397.2	325.2	24.2	405.1	498.4	151.4	100.6	402.3	153.8	475.6	465.9	71.5	121.8	374.5	86.2	231.8	235.4	384.8	325.7	53.6	183.4	27.9	80.4	43.3	281.6	181.8	144.8	487.4	407.9	497.5	270.4	305.1	322.7	429.8	345.5	321.1	81.3	446.1	358.6	235.1	56.9	324.5	441.8	314.0	334.2	28.0	45.8	69.7	48.0	6.7	258.5	231.5	34.7	339.0	274.8	451.5	156.0	54.9	438.9	63.9	52.4	344.5	369.1	10.3	274.4	349.8	466.6	490.9	431.1	325.2	226.0	123.2	284.9	303.0	437.2	254.4	331.0	118.3	324.1	379.1	125.0	82.6	110.6	294.9	56.8	20.6	381.6	212.8	75.5	455.7	412.0	263.1	300.3	416.3	273.4	74.7	266.1	240.0	

65.6	332.4	200.4	426.8	455.6	120.6	229.8	28.1	375.0	196.0	146.4	334.3	75.1	406.6	52.1	320.9	336.8	109.0	476.8	218.4	457.0	187.5	174.2	369.0	450.7	109.7	420.5	224.1	319.6	186.6	464.2	20.4	154.2	299.8	447.2	109.9	420.4	312.2	138.0	295.4	143.4	419.6	264.9	353.8	461.4	317.1	174.7	298.2	61.3	286.7	151.9	153.5	474.3	461.3	22.6	425.0	71.0	78.3	149.1	390.6	265.0	248.5	411.0	419.2	48.4	493.4	164.3	104.0	440.8	437.5	34.7	84.2	357.1	299.6	438.0	318.6	116.7	248.0	252.0	313.2	34.7	403.9	466.8	144.2	365.2	489.4	69.2	71.4	67.7	353.6	462.0	467.9	237.3	8.2	22.4	285.7	1.6	321.9	25.0	442.4	

259.5	59.7	161.9	251.8	359.3	235.1	70.4	111.3	483.1	322.5	424.5	153.1	361.6	391.3	297.3	362.1	15.9	1.8	433.5	218.9	355.4	395.6	322.0	92.7	39.0	479.6	13.7	40.7	301.6	38.7	118.3	61.1	233.6	280.2	312.9	228.1	15.4	18.6	339.4	133.7	476.3	399.2	422.0	473.1	425.7	354.6	335.2	76.9	356.4	268.8	295.8	347.0	299.6	253.0	439.7	338.6	232.7	88.6	14.5	169.5	262.5	132.9	230.6	496.1	48.3	178.7	224.3	63.7	332.5	198.9	332.7	308.8	233.3	254.7	282.0	159.1	109.3	252.4	236.0	100.9	21.2	167.0	447.9	456.0	55.2	22.9	429.9	287.9	111.5	444.4	457.4	374.1	77.3	323.2	370.2	125.7	137.2	229.7	324.6	469.7	

63.9	157.3	413.8	297.2	47.3	331.0	456.3	291.8	83.4	327.5	28.0	239.9	129.7	475.9	331.1	185.0	134.0	261.0	108.1	245.6	205.5	200.8	254.9	418.0	159.2	260.3	43.7	431.6	125.3	3.6	401.4	189.2	296.1	450.4	486.4	343.4	416.6	78.0	270.5	135.2	40.7	298.5	10.3	170.5	274.4	341.5	490.7	43.7	102.5	234.0	424.5	308.0	70.0	179.4	226.1	364.5	74.9	405.0	296.1	200.2	43.8	332.7	389.4	340.0	283.1	11.1	183.4	334.9	89.1	89.1	470.2	129.8	387.6	480.5	435.5	297.3	457.2	426.2	341.0	59.8	295.5	265.5	3.0	365.5	80.1	364.3	230.0	155.0	269.4	161.4	490.5	313.2	494.1	15.1	288.4	277.3	26.2	107.1	247.4	250.5	

196.2	217.6	380.4	83.9	333.4	315.9	381.2	290.6	377.4	357.4	485.6	308.1	122.9	488.7	308.8	338.2	353.0	38.9	493.2	257.6	200.3	118.9	206.1	329.6	134.1	494.5	106.9	295.5	101.6	489.6	46.1	433.1	207.2	61.7	17.0	175.8	12.8	33.4	101.7	25.4	390.8	87.3	333.5	148.9	76.0	142.4	487.1	429.1	316.5	115.5	321.9	152.0	234.5	28.0	481.6	3.8	22.6	223.8	434.5	259.4	213.4	480.6	192.5	55.8	177.5	344.7	366.9	190.4	378.1	468.6	351.0	404.1	55.9	184.6	53.0	267.2	462.2	40.1	331.5	413.9	155.7	153.4	65.9	25.4	181.5	182.7	164.4	339.3	41.7	98.9	98.7	390.3	214.8	426.5	446.2	392.3	271.2	448.3	217.9	284.6	

416.9	204.2	188.7	108.0	24.0	241.8	375.2	486.2	417.1	206.7	400.1	208.0	495.4	101.2	368.6	312.1	419.1	33.0	151.4	96.1	132.0	385.3	486.4	482.0	311.8	67.8	9.5	83.1	16.1	362.7	2.9	433.0	66.9	191.6	176.3	90.9	68.6	51.5	212.3	121.0	393.5	247.6	329.0	24.1	484.0	197.7	336.2	403.1	365.9	487.6	499.2	133.1	372.9	120.9	115.1	320.0	188.7	259.9	403.1	340.1	122.6	41.2	408.3	324.7	232.8	84.6	415.6	436.7	271.4	127.9	57.7	164.9	375.5	386.7	189.0	359.5	219.6	25.2	397.8	220.8	148.0	32.3	353.9	20.9	153.2	104.3	340.9	477.1	499.4	379.2	317.2	122.0	420.4	225.6	446.7	288.5	310.2	497.5	225.2	81.6	

260.6	282.9	381.7	271.3	304.8	205.9	266.0	159.7	366.3	163.8	15.7	14.3	331.3	4.8	170.5	119.7	109.1	146.6	96.9	108.5	161.1	49.3	365.7	216.7	274.9	447.6	5.2	220.4	445.1	365.6	437.2	340.9	283.7	454.2	112.2	223.8	160.1	378.2	383.5	26.5	177.3	34.4	176.0	143.8	39.2	346.5	263.6	148.4	493.2	495.7	392.1	154.3	45.0	393.1	371.0	455.2	340.7	11.5	310.8	421.1	377.1	383.2	262.0	160.9	337.4	374.3	19.9	497.6	387.7	38.6	159.3	200.2	73.0	335.3	344.1	112.2	317.1	242.9	395.8	445.5	238.6	288.0	235.0	418.8	181.1	241.2	9.2	157.0	252.7	320.0	78.1	265.1	203.3	340.2	61.2	175.9	214.5	81.1	173.5	237.4	

119.7	468.0	437.7	192.7	303.4	281.8	304.9	255.7	24.7	200.8	201.2	398.5	124.0	436.2	317.3	440.3	177.4	461.8	97.3	430.2	281.8	175.5	330.5	120.3	15.7	391.7	431.5	365.4	472.8	105.0	102.8	227.7	208.3	175.7	420.4	146.9	457.5	360.5	402.6	117.4	196.5	103.8	15.9	320.5	40.0	468.5	396.0	352.6	430.3	493.4	418.0	347.3	168.9	248.5	102.9	319.8	140.2	34.4	320.4	248.2	274.6	423.2	111.1	118.1	99.0	31.5	265.0	191.7	27.3	167.6	444.4	223.8	406.6	95.5	179.6	81.8	199.2	210.8	434.5	264.7	204.2	352.5	247.3	8.3	101.1	350.2	463.3	376.5	19.8	283.7	260.0	429.6	342.2	371.1	47.8	441.2	37.9	448.0	268.1	65.2	

115.7	347.7	424.2	157.5	443.3	239.0	239.4	142.5	449.9	173.9	407.3	289.3	161.6	154.6	432.9	397.9	140.0	396.2	409.7	295.0	180.0	169.7	359.8	22.2	176.0	42.8	98.6	213.9	490.9	1.9	414.3	241.8	349.7	473.8	399.3	293.0	348.0	273.9	70.7	433.1	447.8	113.2	222.5	244.7	267.8	290.6	142.6	43.0	186.8	52.3	473.2	2.0	357.2	333.1	159.4	33.3	11.1	393.2	382.4	2.0	395.2	296.8	379.0	380.1	405.8	278.4	308.3	253.8	52.3	379.0	322.2	135.4	492.3	179.9	380.1	395.3	470.5	157.9	73.6	292.5	345.5	46.8	294.6	202.7	15.1	454.0	371.2	26.3	347.3	253.7	163.5	377.7	185.7	42.6	257.8	91.5	456.2	66.1	480.5	143.7	

445.1	302.7	414.3	72.6	482.6	429.6	103.2	453.1	87.6	176.8	245.7	68.3	358.8	175.5	271.0	9.2	264.7	277.5	170.7	112.0	31.2	469.4	124.9	216.9	12.0	382.7	443.6	103.4	448.8	59.3	382.4	29.2	362.1	296.7	237.0	479.9	361.6	340.2	433.1	84.4	152.2	314.0	152.7	11.1	124.7	58.9	155.5	389.4	336.4	326.2	1.5	2.8	295.6	261.6	354.9	442.9	144.4	298.5	181.5	228.4	357.9	63.9	392.8	355.2	495.9	129.9	335.1	357.5	105.3	403.4	441.9	257.6	352.6	94.6	403.9	477.3	288.7	59.4	366.8	125.2	385.6	3.5	128.0	316.4	265.1	483.0	259.3	44.7	416.7	440.9	273.2	409.8	140.0	166.0	400.2	135.9	431.1	235.4	128.6	36.5	

274.0	70.5	294.1	126.7	300.3	198.0	239.2	89.1	257.4	106.0	349.5	278.2	244.7	112.7	94.6	9.9	230.9	489.2	189.8	147.7	430.1	463.0	192.7	205.3	264.3	93.0	476.5	195.4	463.6	105.1	231.9	237.6	310.9	26.0	499.5	246.4	359.2	238.8	470.7	116.6	480.0	320.2	30.0	224.8	68.2	124.7	369.9	299.1	113.9	59.7	82.0	179.2	158.0	274.8	384.5	422.3	3.0	361.0	117.7	466.6	101.4	484.9	339.4	412.3	10.9	474.2	158.7	5.4	213.0	129.5	122.0	193.0	84.9	287.3	53.0	153.1	412.0	422.9	87.5	161.1	117.9	169.5	475.5	275.9	79.5	495.2	333.4	217.7	356.3	451.1	319.5	92.9	71.2	159.0	5.2	217.4	268.4	299.1	222.8	481.4	

63.8	480.0	309.6	284.0	267.3	497.9	72.3	314.5	420.8	159.8	110.8	173.9	464.6	86.3	449.8	44.1	81.6	418.4	261.9	73.1	369.6	81.4	166.0	76.0	375.6	306.4	293.4	144.0	240.7	16.2	260.6	304.6	496.3	205.5	88.6	263.6	203.4	160.9	213.4	259.4	456.0	324.2	433.4	420.6	410.6	18.4	464.7	127.4	436.9	361.8	200.5	441.7	78.5	1.7	17.7	89.3	308.1	311.2	233.4	48.8	327.4	129.2	488.6	458.9	334.7	212.4	357.8	38.1	373.4	71.2	297.6	464.6	30.6	366.2	385.2	441.2	384.6	485.1	68.6	321.5	347.0	404.3	398.4	60.7	41.2	416.2	150.0	349.3	362.6	383.4	33.4	325.2	147.9	157.2	284.2	482.6	369.7	277.2	156.0	378.3	

348.4	88.8	342.9	379.0	90.2	228.1	455.5	474.8	213.2	159.3	431.6	195.4	198.9	330.0	256.1	240.1	381.4	406.2	224.7	244.0	424.8	258.1	69.3	72.7	50.5	488.7	190.6	420.2	265.9	481.8	298.5	249.5	205.8	276.6	263.7	296.0	4.7	354.4	406.0	353.2	13.8	337.6	48.6	212.7	302.9	304.8	452.8	184.3	346.2	312.7	63.6	271.0	206.0	268.1	479.0	256.6	256.8	304.8	176.8	157.9	286.6	110.6	42.6	492.4	387.2	306.3	423.6	27.2	160.8	329.6	380.4	309.8	167.3	429.0	157.7	105.4	369.0	110.5	424.9	215.2	423.3	123.7	486.3	129.3	391.8	100.5	21.1	283.8	405.3	333.2	76.9	191.9	443.8	119.5	319.5	466.2	61.1	243.1	493.4	221.9	

72.7	9.0	166.9	375.2	73.3	324.6	480.6	442.3	70.3	40.8	157.6	128.8	164.5	279.1	393.4	56.4	379.6	414.5	340.2	284.9	247.7	52.4	112.0	326.7	171.9	431.5	293.0	233.0	309.8	421.6	90.1	382.5	430.7	257.0	393.0	4.0	81.6	373.6	81.5	152.0	49.6	239.1	280.8	214.2	153.4	174.2	270.6	168.2	224.0	246.0	453.1	471.7	298.4	200.3	298.5	105.6	267.0	226.7	338.6	76.8	148.3	64.0	94.6	214.2	321.0	487.6	353.4	37.9	496.4	435.0	325.1	46.1	309.3	105.9	260.3	98.0	415.4	166.1	266.2	139.4	47.3	219.4	111.1	345.8	54.9	44.8	86.6	322.0	271.5	60.4	398.8	55.1	124.4	493.4	404.5	445.5	116.2	258.0	118.6	112.7	

328.2	443.7	158.8	137.5	184.8	54.3	370.7	100.2	220.4	137.0	374.8	267.7	491.6	121.2	248.7	46.5	166.0	335.3	368.5	72.8	395.8	402.6	127.9	155.4	31.2	32.4	100.9	147.5	425.6	354.7	260.2	253.8	298.4	54.2	26.6	483.3	108.5	397.3	218.7	464.1	34.3	93.6	367.0	161.1	350.0	115.8	207.7	151.2	86.3	211.4	224.0	117.3	114.0	487.1	272.8	280.5	154.8	8.9	428.0	80.4	363.7	323.4	469.5	162.1	12.8	131.3	280.6	121.3	163.8	134.6	220.6	333.4	363.4	87.6	494.5	213.4	338.6	202.2	364.6	425.0	413.7	223.9	42.3	162.9	211.0	315.1	443.4	365.8	324.1	6.6	81.5	323.0	465.2	51.0	120.3	478.0	317.5	401.0	234.5	481.3	

170.8	455.1	314.7	34.2	42.8	309.3	247.6	381.4	146.7	247.4	441.6	195.6	471.3	484.0	358.6	317.6	434.3	437.2	183.4	393.6	79.1	400.1	216.6	44.3	451.1	337.0	22.4	403.8	373.2	256.9	385.2	44.0	347.3	199.9	78.2	25.3	9.2	461.0	406.7	156.0	208.4	483.6	351.6	315.0	102.8	345.4	132.6	37.1	417.9	451.2	430.8	497.0	351.4	147.4	176.5	437.7	119.6	198.9	341.6	492.8	91.1	226.8	36.8	438.4	61.9	250.2	463.7	71.2	211.2	5.6	362.4	54.9	489.2	349.2	369.9	92.0	329.9	137.7	129.2	383.0	88.9	195.2	380.0	440.3	477.8	56.5	378.1	97.5	390.7	354.9	90.3	481.8	81.7	262.4	420.2	143.6	12.6	383.9	350.0	223.9	

389.5	347.6	278.8	14.0	332.1	283.9	106.0	297.2	421.6	370.4	180.2	145.7	65.6	195.4	86.1	178.7	251.9	99.4	276.2	277.8	454.3	1.7	259.6	171.2	264.1	315.0	314.8	276.8	198.9	300.1	135.9	223.7	282.9	49.9	237.7	115.0	333.8	478.9	412.2	390.6	349.4	92.4	36.3	50.2	287.8	257.6	228.9	175.0	357.0	140.3	88.0	446.5	277.3	347.7	117.7	41.4	297.9	67.8	453.4	132.1	367.9	224.5	355.8	150.8	274.4	228.7	401.1	243.4	342.8	448.5	134.0	192.2	176.2	305.6	377.7	99.2	63.2	241.8	409.4	420.3	17.4	497.5	366.8	294.7	480.4	119.8	471.3	278.3	187.6	424.8	410.4	55.5	149.3	401.4	341.5	59.0	265.3	377.8	302.4	108.2	

326.4	436.5	435.6	137.8	377.3	313.3	237.0	440.5	190.4	146.5	496.0	207.8	144.0	498.1	137.7	259.6	117.9	109.0	37.9	305.5	169.0	83.6	496.2	453.6	120.2	337.7	12.6	385.6	350.8	315.0	493.8	177.2	386.7	64.6	315.0	399.2	13.2	187.2	339.8	203.6	333.7	335.8	46.6	112.9	333.9	184.3	7.7	451.8	428.5	45.7	392.5	97.6	264.5	388.7	51.2	384.7	226.5	199.0	270.3	212.5	149.2	399.3	389.7	171.2	464.0	339.9	70.4	477.2	27.1	410.2	316.0	496.1	381.3	362.6	244.2	350.4	182.1	252.0	302.3	110.6	432.9	330.0	208.2	197.4	218.8	394.6	217.3	80.5	93.6	122.9	293.0	242.9	22.2	317.9	49.3	121.4	157.8	119.7	233.8	320.1	

165.2	49.8	451.4	46.5	47.6	330.9	396.9	229.7	82.9	334.4	475.6	151.0	164.5	183.8	348.4	18.5	213.7	200.9	99.0	307.3	323.8	392.0	185.4	481.3	345.1	234.7	237.9	2.9	489.7	471.8	458.2	154.9	156.8	44.9	201.4	339.7	375.8	233.5	204.6	458.7	68.0	180.2	244.9	367.7	499.3	228.5	386.2	213.0	429.4	485.2	155.5	253.3	12.4	476.2	369.8	357.5	346.1	107.7	495.6	335.8	79.5	89.0	490.7	371.6	133.9	327.3	211.3	9.7	60.9	415.9	103.6	264.1	231.4	348.5	267.0	230.7	77.0	153.2	443.7	6.5	273.6	99.2	395.0	421.2	75.4	264.8	278.7	421.6	372.5	409.5	392.6	87.3	498.5	383.4	94.1	267.7	345.9	305.4	277.4	42.0	

356.5	381.1	306.1	87.9	364.8	73.1	318.6	441.9	361.5	397.5	83.6	135.1	496.8	478.6	56.3	207.4	378.6	470.2	264.2	251.1	14.9	156.9	473.6	148.7	175.5	67.7	416.4	156.6	8.3	193.8	198.7	364.9	210.1	140.0	88.0	75.0	348.4	41.9	152.1	209.9	439.4	370.9	480.3	71.4	349.5	171.8	414.1	363.3	277.3	178.3	249.6	292.2	335.2	223.3	440.9	145.9	426.2	357.3	302.6	434.6	186.4	1.3	434.7	396.5	141.3	22.7	106.7	124.9	199.8	394.0	334.9	274.5	264.9	315.2	345.9	249.6	122.2	260.0	112.9	399.5	438.4	362.6	191.8	408.8	221.1	267.9	190.0	147.3	125.3	492.6	81.9	446.9	129.1	16.6	343.4	405.6	174.6	85.4	30.6	9.6	

479.4	0.7	284.1	244.4	315.9	130.1	129.2	438.1	25.3	242.2	472.9	98.9	104.8	299.9	143.0	461.1	67.8	333.0	108.4	328.3	460.8	325.6	275.2	225.1	477.4	253.9	130.7	152.0	474.5	296.5	296.9	453.9	297.2	81.0	333.5	248.3	346.3	462.8	321.7	371.7	340.2	294.6	470.6	445.0	94.5	248.8	41.3	162.3	81.8	149.7	125.9	177.8	475.3	401.1	402.9	452.8	290.2	33.7	240.0	264.7	465.4	36.9	353.9	262.7	253.2	187.4	11.0	99.5	285.4	332.7	471.2	125.6	127.3	77.1	205.8	357.0	461.1	247.1	154.6	178.2	32.1	280.5	356.0	7.4	316.8	259.0	95.4	107.1	427.9	470.7	371.8	393.3	7.6	360.9	291.2	260.8	183.6	302.3	495.6	469.0	

270.2	102.0	229.9	32.8	314.3	70.9	389.8	275.5	453.3	44.4	453.7	485.4	324.9	309.7	128.0	141.8	203.9	223.5	384.1	267.0	194.2	391.1	295.6	337.0	252.1	86.8	233.1	435.7	24.3	363.9	39.9	294.6	465.9	269.8	327.4	280.3	476.0	352.4	191.0	429.3	396.9	144.7	414.7	357.0	89.6	42.7	134.0	428.8	401.4	18.1	195.8	230.8	44.5	126.6	203.1	296.6	213.5	71.4	367.5	373.0	435.3	407.4	167.6	401.2	312.5	130.2	316.7	288.5	482.7	7.7	217.8	379.6	287.6	267.7	371.8	377.3	445.6	5.9	306.1	347.1	159.2	137.1	213.1	203.7	263.8	416.2	135.5	112.5	487.6	3.0	485.5	58.1	410.5	288.4	459.4	358.2	418.6	411.3	146.7	401.3	

419.1	499.7	416.1	206.7	267.4	423.2	219.2	348.2	429.1	160.5	195.3	223.5	297.7	43.7	62.5	196.7	459.9	198.0	444.4	82.8	201.1	429.9	140.9	246.8	353.5	235.5	105.0	272.2	282.1	251.7	308.7	201.2	386.6	360.1	43.1	289.2	283.3	262.4	137.4	347.6	422.9	468.0	71.1	355.8	11.7	268.8	52.5	106.8	466.9	496.9	324.8	303.2	62.1	101.0	50.0	50.8	336.5	155.0	323.0	118.6	41.9	267.0	455.0	428.5	127.1	133.4	352.9	410.4	395.8	490.3	393.2	453.9	93.5	464.3	309.8	240.4	233.2	497.5	347.3	335.3	129.7	307.3	138.5	327.0	408.3	188.5	377.8	380.1	478.7	336.1	133.9	20.6	103.1	89.0	84.3	365.4	357.6	437.2	275.8	253.4	

62.7	169.0	342.5	156.3	268.5	287.5	396.7	136.9	285.1	379.2	472.2	50.0	186.6	245.9	377.0	94.9	69.6	254.8	475.0	48.3	90.9	244.2	68.9	329.2	468.4	153.2	194.6	326.0	225.6	105.6	79.4	423.6	409.8	57.1	79.9	313.6	344.7	111.8	450.5	129.8	126.3	58.0	179.8	312.9	439.1	192.0	43.0	8.8	82.0	153.3	57.1	308.2	397.5	126.1	137.4	365.9	414.5	467.3	191.9	275.4	72.9	406.5	199.0	482.8	463.6	414.1	431.6	443.5	161.1	382.1	208.5	287.4	75.3	23.5	100.3	14.5	215.5	278.6	23.3	297.6	431.9	215.6	105.8	464.6	476.9	243.2	465.7	26.7	345.7	292.8	302.1	418.7	199.3	136.3	36.7	298.1	50.4	468.3	376.9	211.5	

485.6	85.4	134.2	61.0	109.0	369.7	210.7	324.5	148.3	369.2	257.3	215.4	84.8	363.1	180.0	61.8	241.6	280.9	88.5	87.3	73.7	25.8	141.2	273.0	162.1	177.9	206.4	212.5	281.4	83.3	59.2	267.1	168.7	193.4	463.3	412.9	63.2	309.2	237.5	346.7	178.4	494.8	62.2	398.4	493.2	377.4	460.2	234.8	158.4	183.9	457.3	232.1	209.7	98.6	140.4	371.8	411.7	482.0	219.5	193.2	65.3	414.0	95.5	369.2	242.6	194.0	417.4	305.8	138.4	154.9	152.6	452.0	284.9	350.0	350.4	278.1	227.4	445.9	148.1	21.0	265.0	105.5	253.2	474.8	339.3	28.8	481.8	251.0	10.8	336.6	79.4	211.3	250.6	310.1	215.7	128.4	139.3	133.1	434.3	277.7	

423.2	222.1	229.7	208.2	207.3	215.4	121.5	69.9	296.5	404.9	91.0	61.5	145.6	479.4	171.5	484.9	8.2	288.6	371.1	154.2	260.4	85.8	365.5	146.2	395.9	216.4	274.6	35.3	349.6	344.1	313.0	408.0	66.2	178.0	251.4	273.5	28.6	373.0	343.5	325.1	413.1	69.7	21.8	58.7	49.1	328.6	178.8	192.5	252.4	185.1	481.9	12.8	270.9	347.4	159.0	166.9	199.0	68.8	337.4	183.8	413.0	285.6	91.9	479.2	98.8	343.3	388.0	127.4	351.5	366.7	87.7	264.6	71.6	244.8	458.5	120.7	73.4	272.5	448.4	461.0	457.7	430.3	473.8	228.6	412.9	268.0	30.7	111.9	336.8	3.3	431.0	249.8	289.0	22.9	364.3	387.8	1.4	387.5	150.5	353.0	

254.2	238.2	252.8	325.8	483.0	211.4	81.7	191.6	483.9	165.3	152.6	76.8	95.6	261.6	440.7	143.7	164.8	471.4	390.8	1.7	110.0	321.8	386.7	399.0	479.9	251.0	422.0	481.4	273.7	72.5	334.4	27.9	446.0	87.2	488.9	429.0	433.8	205.8	255.9	417.8	371.1	43.7	129.8	101.9	440.6	70.5	380.8	105.4	177.2	271.7	242.3	287.2	228.7	129.1	186.2	208.7	15.3	243.4	190.1	289.1	316.0	159.7	452.2	262.0	382.1	76.4	326.2	316.0	282.2	217.3	369.0	288.6	396.3	498.8	25.7	336.9	69.4	41.8	77.5	246.6	448.7	319.9	33.8	177.4	84.2	355.2	21.3	99.5	233.8	346.6	23.8	49.8	6.3	111.3	447.0	388.5	187.7	408.5	204.5	105.1	

125.8	73.5	28.9	22.1	207.5	54.7	494.2	276.9	231.7	71.8	158.7	180.4	26.9	327.7	357.8	111.1	318.1	379.2	345.8	52.0	225.8	4.9	237.0	367.4	116.2	184.1	391.1	303.9	227.8	95.6	44.2	488.8	304.3	73.2	146.2	11.8	263.1	140.4	424.0	494.8	347.4	82.7	175.2	374.3	410.5	33.0	485.4	228.6	47.4	331.3	280.6	408.5	336.2	152.9	411.1	87.6	337.0	302.2	26.7	200.0	33.0	70.9	188.8	472.5	144.1	335.0	119.5	42.4	475.5	43.5	37.2	322.9	261.5	212.4	197.3	172.0	380.7	317.9	35.8	63.3	284.4	451.7	107.0	255.8	104.6	18.1	343.4	76.8	455.5	370.1	276.8	488.5	441.1	465.6	461.0	220.4	300.7	80.6	262.9	411.4	

259.3	435.3	369.5	20.8	283.0	202.0	192.8	163.7	20.0	363.9	362.2	304.4	315.6	469.3	195.5	55.4	122.6	38.9	132.2	78.2	44.3	44.2	66.7	120.6	9.8	163.0	476.2	445.7	243.6	239.1	357.1	2.9	309.7	361.9	23.8	92.7	63.9	351.8	256.4	83.9	215.7	253.8	23.6	166.5	223.1	219.1	221.9	345.8	393.2	489.3	424.0	72.7	33.5	125.9	193.3	178.6	288.9	169.6	124.3	167.7	43.9	116.7	170.7	353.6	478.6	329.7	446.3	42.5	316.7	337.9	261.7	32.5	91.8	285.3	334.2	450.1	139.6	56.2	431.1	168.0	45.5	490.3	240.8	79.1	116.3	69.3	392.9	405.2	374.1	17.2	73.0	418.1	269.1	378.9	406.9	247.7	343.8	353.3	425.5	160.5	

326.4	187.2	193.0	53.4	107.7	162.5	3.6	382.5	218.7	434.7	185.7	399.4	425.1	61.7	113.7	41.4	131.1	6.6	81.8	5.2	159.1	290.0	58.5	428.2	304.1	465.5	311.2	147.9	454.0	236.7	308.5	280.4	59.1	136.7	333.9	166.8	299.2	472.7	184.5	153.1	407.4	370.2	52.6	332.5	67.2	166.3	9.1	198.3	308.2	226.2	338.7	467.3	16.2	32.5	395.5	320.4	498.0	206.7	103.5	87.2	78.6	412.0	367.6	137.7	48.8	336.7	304.5	348.0	309.4	124.2	136.4	216.9	129.7	189.0	184.6	196.9	490.5	329.0	30.4	298.7	190.4	369.1	266.0	206.6	36.8	296.8	162.2	34.8	3.5	265.8	122.0	82.2	313.0	124.9	355.1	361.8	461.6	294.9	345.1	406.3	

419.1	481.5	258.4	48.8	305.7	443.0	380.9	296.2	407.2	411.3	230.2	97.6	415.7	131.4	439.5	452.5	428.2	236.9	122.6	67.0	137.9	379.8	284.4	451.0	4.7	139.5	448.0	101.6	434.4	428.3	143.1	488.8	45.0	401.5	172.8	350.7	344.5	53.8	282.2	387.0	465.1	12.4	119.8	380.8	279.0	59.3	468.6	207.3	431.5	91.2	409.5	69.4	471.0	329.1	20.4	111.0	103.8	103.7	347.8	173.5	32.0	490.9	162.3	77.1	392.4	335.1	63.0	372.1	388.9	345.2	259.1	489.3	492.8	379.0	370.1	271.9	73.5	338.7	114.4	5.0	65.1	23.9	209.7	171.4	488.2	230.1	282.4	92.0	469.0	265.4	265.5	1.1	256.3	427.8	213.4	148.7	398.2	276.4	156.0	422.3	

256.9	50.4	411.6	249.7	64.6	417.0	21.6	138.1	390.9	271.2	278.4	456.1	430.3	488.1	127.5	418.5	353.4	45.1	10.6	322.5	310.5	411.3	458.8	66.8	474.4	172.2	350.7	372.6	83.8	141.9	294.9	340.7	192.3	341.8	90.5	256.9	258.8	247.3	30.3	284.9	153.8	308.7	241.0	84.1	296.8	3.7	2.7	285.4	184.0	148.5	107.9	494.5	59.8	201.9	196.5	34.2	9.3	182.4	42.0	93.2	324.4	472.2	69.1	151.9	314.0	294.8	408.9	208.0	177.4	74.4	492.9	331.2	383.1	369.2	415.3	315.1	8.1	53.2	100.5	192.2	336.9	343.7	321.9	32.0	45.6	18.5	201.4	190.2	336.1	243.5	418.6	295.7	350.9	487.7	447.7	164.9	282.6	491.8	8.1	460.0	

66.2	1.0	426.4	84.5	5.4	476.9	399.6	13.6	30.2	135.3	205.8	2.3	114.2	27.7	34.3	295.1	181.4	235.8	485.3	152.8	114.5	403.9	448.5	465.4	26.8	396.2	265.5	309.4	388.0	273.6	404.6	89.4	409.8	466.2	173.9	50.5	443.2	208.7	64.1	108.6	479.3	405.1	110.9	93.5	68.0	280.5	23.8	384.7	16.3	144.3	37.5	266.0	48.2	486.0	366.6	75.1	382.3	267.3	19.7	405.5	176.1	59.6	130.2	85.9	25.8	304.1	271.6	104.2	148.1	335.7	212.8	262.6	240.8	459.0	356.1	444.1	239.5	15.2	328.8	391.0	159.5	366.3	157.0	343.0	352.3	158.8	53.3	369.8	426.1	73.0	410.6	102.2	267.8	40.8	323.3	428.9	480.1	95.0	33.1	128.2	

65.9	381.2	390.8	442.0	340.2	382.2	386.1	79.7	32.6	214.9	470.7	192.1	216.4	262.9	35.1	68.7	421.7	88.4	73.8	483.0	296.7	484.4	85.2	199.7	25.2	43.7	128.6	140.5	273.9	297.0	268.8	339.9	313.4	294.8	281.9	153.6	312.2	303.2	368.5	344.8	153.3	474.4	172.2	369.7	237.3	207.3	73.6	294.2	431.0	147.4	277.2	227.7	131.8	497.6	427.4	292.2	176.5	191.3	432.8	450.5	488.3	336.8	425.6	301.7	266.8	342.7	90.5	79.1	145.9	459.0	59.1	299.2	433.4	231.3	304.1	305.9	73.9	377.7	100.1	140.1	160.4	12.5	367.8	427.4	10.1	430.4	219.7	186.6	256.9	287.7	272.3	245.2	259.7	197.9	182.1	26.5	40.6	407.8	240.8	321.7	

